3.701123113777574081e-01
3.693461140042978430e-01
3.508127222187570338e-01
3.566374592879164029e-01
3.668943875317651204e-01
3.650298684775317715e-01
3.500524553871772748e-01
3.557960271130213292e-01
3.631798637172258259e-01
3.698559692133922550e-01
3.650909299603315450e-01
3.651063533752321733e-01
3.758649233159263026e-01
3.742963507741390305e-01
3.552252966802963430e-01
3.540053466852418618e-01
3.801984567219752198e-01
3.566604719028667603e-01
3.623851617684775150e-01
3.697385746086623848e-01
3.630684686119706184e-01
3.768916362298644351e-01
3.617314621704389443e-01
3.580746056667358235e-01
3.483801229986547288e-01
3.618819460012377420e-01
3.620663066375761630e-01
3.676766772500724700e-01
3.741477741048787053e-01
3.702806528568025612e-01
