3.605546000639959781e-01
3.854513034219401169e-01
3.858291811308792729e-01
3.262711941547591366e-01
3.945149856645070452e-01
4.120323409428724992e-01
3.831864421079788641e-01
3.912753051938433480e-01
3.895690616055044742e-01
3.767959584705611875e-01
3.680924497569608156e-01
4.043572063377653958e-01
3.753220607700106792e-01
3.673111397509123965e-01
4.010909192346494567e-01
4.194862037909033448e-01
3.836614443855593803e-01
4.023127578168411156e-01
3.648432677837866733e-01
3.553794080412169265e-01
3.619899628188320007e-01
3.671225704599231365e-01
3.942204130133954987e-01
3.560224867589220632e-01
3.955505146228143754e-01
3.996227590798933083e-01
3.739905639071856025e-01
3.937076524445143333e-01
4.095986185943358837e-01
4.148677288666244856e-01
