2.318510554051801328e-02
2.282965715501275236e-02
2.365949847296772851e-02
2.308006900028055156e-02
2.540461567006773932e-02
2.352927843197437363e-02
2.292418407913759948e-02
2.181126179468108675e-02
2.315533642614068383e-02
2.306414967873478619e-02
2.304514377970635908e-02
2.488420284005798608e-02
2.296841797929916745e-02
2.193381157642153648e-02
2.443465301045793028e-02
2.292281417889287590e-02
2.558336655493809522e-02
2.267210515078383476e-02
2.262908231779720697e-02
2.152080493042060269e-02
2.282523575954154699e-02
2.273482505009820354e-02
2.295838151447793241e-02
2.342976535296931867e-02
2.355845018197123830e-02
2.254456137736009572e-02
2.347091350899652498e-02
2.413400814060416913e-02
2.349487441224628118e-02
2.255590128153067350e-02
