5.467327187777955011e-01
5.281753544141566392e-01
5.102455418334578274e-01
5.483879847222083992e-01
5.436162826462782593e-01
5.243164663859701813e-01
5.142286187389514263e-01
5.095264133154133734e-01
5.014177451982614331e-01
5.615651380452632013e-01
5.549865325397752569e-01
5.159772481992732640e-01
5.583048072998905154e-01
5.441578651403489175e-01
5.722706159602859444e-01
5.060545907265167065e-01
5.249487122918243820e-01
5.603050570673597797e-01
5.216425234347777939e-01
5.700540441604150521e-01
5.082281063074831629e-01
5.378448333996146413e-01
5.339579814838183447e-01
5.527312579793056679e-01
5.279436212460856259e-01
5.635493070694874707e-01
5.093021299053094308e-01
4.605652792004129026e-01
5.063526542416957321e-01
4.840879527935861293e-01
