2.280437243504203002e-02
2.850418002819467625e-02
2.257305118217051848e-02
2.241783456035688002e-02
2.179007885920315399e-02
2.226885098163619570e-02
2.208989482893267825e-02
2.296707877267391631e-02
2.267470555376355223e-02
2.412491536578413934e-02
2.320307703733079374e-02
2.274300951999798023e-02
2.299308402120523592e-02
2.260008552070183127e-02
2.300866590163085090e-02
2.322478888473372693e-02
2.249707410669523830e-02
2.316805533815809170e-02
2.666896278511632357e-02
2.423966833791846298e-02
2.229280347590732389e-02
2.674592365648534656e-02
2.301797996180530298e-02
2.730426710806254167e-02
2.227387977118685733e-02
2.302943193393750670e-02
2.446265843348665453e-02
2.284587481892603675e-02
2.299825456407048746e-02
2.265672166796026468e-02
