2.199722883015318292e-02
2.322606087652134485e-02
2.260939449598061562e-02
2.360855299807148797e-02
2.559477306609729552e-02
2.285221262721314622e-02
2.312675017892193777e-02
2.207269588771658755e-02
2.263065266629320921e-02
2.740025700441631878e-02
2.262153725276173227e-02
2.408845017557388959e-02
2.207867709777213208e-02
2.367770374827031163e-02
2.217680399444984032e-02
2.269058011899399707e-02
2.190840525033161193e-02
2.287879915636938793e-02
2.320727322264181866e-02
2.314023223764333573e-02
2.247635311129032518e-02
2.368066334578522100e-02
2.147370079522002012e-02
2.294511484719971572e-02
2.274201694414710456e-02
2.256455965786721349e-02
2.274275722907768971e-02
2.313828975819895092e-02
2.254558232322138173e-02
2.274600776302887137e-02
