7.172752749809948591e-01
6.267650343903358179e-01
4.665300472852582647e-01
6.073884393103826801e-02
2.821117547125071567e-01
4.122913869373855400e-01
1.313828660124628789e-01
2.843113375588327552e-01
1.478030557466464834e-01
1.593828237400866099e-01
2.386802424979533876e-01
2.311280655676832552e-01
1.870976806175383977e-01
6.046441853566119073e-01
4.162782048602723939e-01
2.373055491341500567e-01
5.006680979486958227e-01
1.384687849486665456e-01
2.198304978267999754e-01
4.368383535209435231e-01
5.212590131204455357e-01
3.500093100788687073e-01
3.402378409826293804e-01
3.128267831694838685e-01
7.769569450904258157e-02
1.226123275419666453e-01
1.578901285087545014e-01
6.892089075010506827e-01
3.499663536420692389e-01
3.768024450065768916e-01
