9.733826621474285901e+00
8.373424280917328488e+00
3.093035525557826126e+00
7.360545812835570523e+00
9.007484156131482678e+00
7.733312719303484073e+00
1.047452327366385028e+01
1.196558245663400832e+01
1.171048075008189748e+01
9.972721743960274665e+00
1.098646915057722495e+01
1.263312498860322641e+01
1.641818293466749568e+00
7.773230594774312330e+00
5.990411121920195647e+00
6.205050127507176327e+00
7.591565188805471820e+00
1.206657313824217326e+01
3.690694172362447567e+00
7.770586385288927644e+00
3.112308182329356576e+00
4.422725141858332876e+00
1.449440436394359644e+01
7.230820207146726908e+00
8.923973064749130657e+00
1.608744480501567153e+01
8.540336701259615637e+00
7.243003231624030036e+00
1.187861191361154845e+01
1.207343718169252966e+01
