2.346196969846175706e-01
2.901718650264901722e-01
1.970446711790992955e-01
2.742140782470697258e-01
2.280833329267353549e-01
2.650177686293007095e-01
2.824985996818962231e-01
2.808774303853970866e-01
1.869257601287487303e-01
2.755826407456465899e-01
1.840816949539468561e-01
2.609586730035077240e-01
1.835599736983638541e-01
2.712194707554877460e-01
3.807919009685861722e-01
1.874160856714111034e-01
2.665838343615185568e-01
1.936809437122440081e-01
2.506821950357036033e-01
2.679524116164730407e-01
3.227440448745573232e-01
2.673678330882388043e-01
1.614695380203085839e-01
2.517147424007321610e-01
1.819276010809052491e-01
2.309905055819538588e-01
2.355255146837464397e-01
1.477962628075698281e-01
2.757730357850938230e-01
2.281534953628458762e-01
