4.038584231076849940e-01
4.134481495289585307e-01
3.908343609972533828e-01
3.873773550765372553e-01
3.960891140025136758e-01
3.936649354825369485e-01
4.093922304913857335e-01
3.883231703622704867e-01
4.134474668649106288e-01
3.819060761312847996e-01
3.950643456103683504e-01
3.783253843757936052e-01
3.916927650604908329e-01
4.069982079990092649e-01
3.928672043868732811e-01
3.414275901106665900e-01
3.831550137488431429e-01
3.848799829057056310e-01
3.567276438944810280e-01
3.871304025954705463e-01
3.845131417586540867e-01
3.959619909023300854e-01
3.914642885978357190e-01
4.077009385111449724e-01
3.910583982463435304e-01
3.916353545694901128e-01
3.931578342664195369e-01
4.213838982003687006e-01
3.928689490666699702e-01
3.923314076576854270e-01
