4.649615240677504313e-01
4.747493346298597983e-01
4.664115457893228678e-01
4.889905482918125990e-01
4.794205689762840450e-01
4.510496754270783004e-01
4.902266260134862663e-01
4.734212493559585289e-01
4.727278516551856047e-01
4.766754648782857151e-01
4.778761457355227837e-01
4.603566361453814149e-01
4.695254744648107992e-01
4.726382130246193358e-01
4.620689361688756214e-01
4.884209744049790025e-01
4.880380316604001623e-01
4.796858002109135044e-01
4.873538777883547057e-01
4.858020313112680899e-01
4.668554181261603819e-01
4.862755792450998982e-01
4.719971264164889990e-01
4.699681686668481517e-01
4.942714074237039568e-01
4.599703836941649304e-01
4.724789269843032158e-01
4.652917299884579694e-01
4.666445496925764047e-01
4.699457947750084741e-01
