2.164932892250559959e+00
7.771449078470884508e-01
6.562664203346030289e-01
1.544745720020604285e+00
6.041528176490472690e-01
5.259180640998631362e-02
1.018457271493845573e+00
1.926830496835345297e-01
1.203647905632087678e+00
4.816373912646265687e-01
6.164375584190012053e-02
6.208114155303626758e-01
3.205872583565482214e-01
2.054182975910370690e+00
5.937162870446180962e-01
1.989467439769397605e-01
9.900967484986084033e-01
4.080764560685533060e-01
9.386116596419915581e-01
1.157884619612736588e+00
6.495142242550308587e-02
2.846870874308333188e-01
7.918868616386213199e-01
1.538679783460616679e-01
2.512352314194684078e-01
4.978210743730738796e-01
5.882715403630549567e-01
1.032029776562466861e+00
1.175852959087079208e+00
1.091326517370196481e+00
