1.304552950298468184e-01
1.825317774092407030e-01
2.576702868987604811e-01
1.883596573403321373e-01
6.690413747003376432e-02
1.762408717277527959e-01
2.656183917019807050e-01
3.885659572598356148e-01
2.611535835843409870e-01
1.099770827519399863e-01
1.456000632113319537e-01
9.598842789939900089e-02
1.265845231813028382e-01
1.349278465981063047e-01
1.085133652626540102e-01
2.544163611588223239e-01
7.619018835434371306e-02
1.754454014130256978e-01
1.332919010635855717e-01
3.628020989748613756e-01
2.925330526554582589e-01
2.266085772576532376e-01
3.662366486461528514e-01
2.648415913410541722e-01
1.162417417268516717e-01
3.178911232448811686e-01
2.731671473442328080e-01
2.193997866239706662e-01
1.141130649025574872e-01
1.277488014860877763e-01
