2.276782187475455757e-02
2.276705714788069060e-02
2.299291058125898027e-02
2.287474724582708868e-02
2.286377964397732360e-02
2.266775780693199016e-02
2.283545087645298330e-02
2.276848604701661727e-02
2.267803302016251771e-02
2.344485312108744723e-02
2.898758475510232815e-02
2.314959187239065339e-02
2.289829235252678272e-02
2.265261882002587990e-02
2.187850242729680317e-02
2.324332461459893695e-02
2.259108532938854108e-02
2.277812099720350966e-02
2.237163655027724768e-02
2.566248054333165884e-02
2.297065530563260904e-02
2.249116059238158438e-02
2.299702470853499242e-02
2.305701616390087513e-02
2.277024125392779902e-02
2.281284981769030051e-02
2.278959775716338232e-02
2.243538037858363449e-02
2.236479618157144467e-02
2.299082827519138492e-02
