4.391864439337119785e-01
1.209902997572684491e+00
6.115815503448560619e+00
1.522189476935175589e+00
6.760607936484436031e+00
3.040206104272643817e+00
1.359155030137723763e+00
3.003209288367010288e-01
2.991430002889825079e+00
3.712948062056279142e+00
1.182976022885369849e+00
7.390798107413744766e+00
1.274670459028311775e+00
3.702997585947544468e-01
1.525798888979722268e+00
3.447285644896207479e+00
4.889921860641759821e+00
7.835560579579897933e+00
4.119010844135285510e+00
1.175770777046556859e+00
1.478789530368882277e+00
9.284185910867227776e+00
3.712845601062808587e+00
5.255213509634354407e-01
1.383038520592800191e+00
6.648423293271156220e-01
3.026160119649978220e-01
5.543075544133506227e+00
2.026703453621602424e+00
2.681536708215703779e-01
