5.630125984830659513e-01
5.119535676506894450e-01
5.485007760263389542e-01
5.628932837359175156e-01
5.363391426495716097e-01
5.227045594869540457e-01
5.205039651749157059e-01
5.806163182851674653e-01
5.316231704950693526e-01
5.230539323823574227e-01
5.308871522138608468e-01
5.272836044861310967e-01
5.669238058434942218e-01
4.967880023855152927e-01
5.250482196622269226e-01
5.477939149236144001e-01
4.946884375813225265e-01
5.403041234325144382e-01
5.239101645898174286e-01
5.176333082894107873e-01
5.422939302064517797e-01
5.265547814026136919e-01
5.218495331967901718e-01
5.654865683366984142e-01
5.455767667551741917e-01
5.355860366595889266e-01
5.303394975036540560e-01
5.312120954017555130e-01
5.040466191712463795e-01
5.746208271757341501e-01
