2.442013839509965534e-01
2.506729284266113189e-01
2.426651337131996433e-01
2.530647258596701588e-01
2.393959584427650666e-01
2.501643550391334792e-01
2.510177977133169480e-01
2.465637087446077291e-01
2.377742331917553353e-01
2.498674995873340077e-01
2.421923305536916038e-01
2.334116631041100176e-01
2.479596334967880122e-01
2.431990974348036127e-01
2.458123594187336947e-01
2.395148573012299276e-01
2.423175110095693308e-01
2.532458633804988701e-01
2.502591884524587029e-01
2.346691902542038244e-01
2.510629362906461326e-01
2.549125331324757493e-01
2.461644386874154433e-01
2.517217585105231414e-01
2.471531068712145007e-01
2.534181088341377897e-01
2.316974767731021789e-01
2.422829376517125766e-01
2.574084651102162558e-01
2.481327449890809445e-01
