1.003761936795905108e+01
2.249516874041087022e-01
1.001445954250518433e+01
1.800700719079741940e+00
1.417667656585574809e+00
6.654637506575085126e+00
3.896760503866218084e+00
1.088790962491251291e+00
2.167990270308629563e-01
2.546793077940525118e-01
2.621373414473687768e-01
1.447449102564714263e+00
2.356078983847926245e-01
1.488753055503085010e+00
3.106494187740527213e+00
1.670738614306123582e+00
2.607222345603342206e-01
2.749617048369991656e-01
4.067753898758740938e+00
6.476247660603994261e-01
2.954776460882670541e+00
2.281776105100174479e-01
1.793783816128468045e+00
1.632087170472059423e+00
3.810311016126030736e+00
1.759814726642471294e+00
3.791656124387846050e-01
3.531304284001859806e+00
2.901517724169124790e+00
1.379881727469257857e+00
