5.785599763176821897e-01
5.708986500488928417e-01
4.894718995817635698e-01
4.885031351061797644e-01
5.736018249935890267e-01
5.490945359807209991e-01
4.894592275342058429e-01
5.354590542005845943e-01
5.171760057833797442e-01
5.735592792994155253e-01
5.071369874569573444e-01
5.411129857405626575e-01
5.694685441416031946e-01
5.431694199971671688e-01
5.123551574535558650e-01
5.443366257171999845e-01
5.402067075914954719e-01
5.345276885174241599e-01
4.853751232399554083e-01
5.688438814143883526e-01
5.568270314504962792e-01
5.711803375600452704e-01
5.647888924072400618e-01
5.524200074170471098e-01
5.339648327289991947e-01
5.146259060128014484e-01
5.284752012127065246e-01
5.630148707927683516e-01
5.589084411634103189e-01
5.454862654930265897e-01
