9.202139533142692507e-01
4.955080591996006700e-01
8.294044721688814681e-01
6.515586187897818293e-01
9.153185188822406948e-01
8.066205605381725485e-01
1.470277764076675542e+00
6.740497048204300290e-01
6.147037987877574938e-01
8.491839015041833250e-01
5.542757606634333145e-01
5.486969251474178577e-01
7.555075458943421030e-01
7.594047747251946312e-01
9.870493856125762688e-01
5.801003808437878995e-01
6.872943236758817243e-01
5.653370756350336590e-01
8.112510087709134954e-01
5.487733434709575198e-01
8.626886732099345867e-01
5.428463266343592775e-01
6.673090705526802946e-01
7.000591509635086807e-01
6.707235121900106956e-01
5.942425561138772183e-01
5.138808613928886881e-01
7.617270186557895117e-01
1.078120759265610573e+00
8.574772707966483720e-01
