1.760208302834335381e+00
6.652756258886715734e+00
7.007968665099810757e+00
8.994457928907818811e+00
8.762315367531055443e+00
8.013489841306940420e+00
4.261622619738913431e-01
2.001896672033028679e+00
3.695361876264922629e-01
3.508128622385725759e+00
1.322527536919541014e+01
6.826879570123526308e-01
2.014651436476702084e+00
4.749786809471404081e-01
6.962679445147629487e+00
4.040864295725146604e+00
1.235436538339601142e+01
1.197163241557901081e+01
9.404591658365893281e+00
1.152624284735043503e+01
1.696072999607209253e+00
7.472179188985294651e+00
4.672312030990208420e+00
5.338388067495953848e-01
3.570452170587426366e+00
5.168102004918640802e+00
1.889108551109194067e+00
7.032556346588477503e+00
1.559524282544114238e+00
1.181970267737413316e+01
