3.348403068324479204e-02
3.286129619383281603e-02
3.371608852767583875e-02
2.955282959015955238e-02
3.295742211411183814e-02
3.189955571674533974e-02
3.220840093503963414e-02
2.849860357714060002e-02
3.194598360418845345e-02
3.289937400538620743e-02
3.375588437764389521e-02
3.305871497209611487e-02
3.336737946688713569e-02
3.321143138145243173e-02
3.066629021312083231e-02
3.305971622080320499e-02
2.910255939978664830e-02
2.939321349109804901e-02
3.143926301051663819e-02
3.320332387192485163e-02
3.415691592018545858e-02
3.243803185086764629e-02
3.367794773816583376e-02
3.183677243689390229e-02
3.214880664299442359e-02
3.458887957812702835e-02
3.361938507417174676e-02
3.741400164354839047e-02
3.403864823721331617e-02
3.297567926698749541e-02
