3.153134806959640574e-02
3.350362946681139514e-02
3.396439127216408643e-02
3.048501582910628088e-02
3.334519616649109924e-02
3.313040454412618380e-02
3.722007799285987489e-02
3.067874308656122137e-02
3.409731620306626076e-02
3.275032396820282826e-02
3.373211566617391466e-02
3.332533109196142429e-02
3.079802524466692878e-02
2.951163573889882194e-02
3.247335462753508928e-02
3.148716661466404582e-02
3.270098324571855258e-02
2.955683647236928557e-02
3.273942369167902322e-02
3.164789725152559324e-02
3.351087551925327479e-02
3.225847889547886482e-02
3.456514435550932240e-02
3.398456490414532988e-02
3.217282501893563296e-02
3.371242611572326797e-02
3.304717136185670451e-02
2.865369499088918359e-02
3.334300903542489897e-02
3.440863241667983102e-02
