3.286377710619652059e-02
3.241706575415456704e-02
3.331822687915059200e-02
3.309221342727471094e-02
3.352918708762929467e-02
3.340762343168829362e-02
3.291590682726248246e-02
3.331891208839739271e-02
3.332216998535627445e-02
3.320875431403209899e-02
3.334449727802256402e-02
3.329475147940704621e-02
3.282745722852838804e-02
3.298108260452211477e-02
3.331000109288257544e-02
3.286931696030374189e-02
3.347999010852353158e-02
3.281094523668364599e-02
2.842073028649598140e-02
3.398749123001163636e-02
3.311666637564630172e-02
3.324088641062068056e-02
3.331764401539284715e-02
3.069172830815916977e-02
3.069550399473591762e-02
3.332176278800518671e-02
3.371308774172603051e-02
3.341164467794387888e-02
3.323424376121825868e-02
2.836654272876256919e-02
