3.725187433809918347e-01
3.745972118745645174e-01
3.727863561116253610e-01
3.418860461210578294e-01
3.651453325712618048e-01
3.693370907809947479e-01
3.825038170301177098e-01
3.584196297381285201e-01
3.791577948364133754e-01
3.494262977099459877e-01
3.584444312252404452e-01
3.765540649616442859e-01
3.675372624646208730e-01
3.665292856087714046e-01
3.478741909062096904e-01
3.681144198435287729e-01
3.752266499764176366e-01
3.767176418120449233e-01
3.743193682917094200e-01
3.611560358450928709e-01
3.704346514006569002e-01
3.618225094806020725e-01
3.759617548343618942e-01
3.744918257889786606e-01
3.504378641440697995e-01
3.687957932375749981e-01
3.607913401865148750e-01
3.702255112792285363e-01
3.717350834806953386e-01
3.636273906037695847e-01
