5.898427697984008899e-01
5.987769810240952673e-01
5.940957218086009295e-01
5.973535651791475054e-01
5.831214490083522772e-01
5.886983512947429054e-01
6.001463092206591465e-01
5.651620071353390395e-01
5.500569609788739101e-01
6.033710203610093137e-01
5.836742322343175804e-01
5.878426224987688409e-01
5.562811582128519561e-01
5.744346709529850603e-01
5.366406529497719236e-01
5.940120215767275003e-01
5.787815784117866791e-01
5.391845222149886929e-01
5.649584981215347579e-01
5.883025556329490868e-01
5.832179187066911519e-01
5.821686515758875968e-01
5.802874219237801334e-01
5.769285119584803834e-01
5.929326340771851056e-01
5.543057871299780226e-01
5.877994103437851336e-01
5.567529389581117316e-01
5.890143513707906120e-01
5.958356117633069049e-01
