2.612285233334174506e-01
2.574418262746322461e-01
2.565895460256418792e-01
2.397443369513253819e-01
2.495163170453355839e-01
2.550450572594035181e-01
2.536756908645343978e-01
2.520247189385286246e-01
2.584285599189659610e-01
2.524978759919292437e-01
2.562986319404103042e-01
2.560658866612151030e-01
2.487361924990307560e-01
2.508402255408577752e-01
2.557753888423468513e-01
2.509401345504703729e-01
2.538660615004791343e-01
2.545747700011058434e-01
2.563707819100280449e-01
2.474295251995089484e-01
2.581149087870798775e-01
2.412224429999557385e-01
2.509088301574076696e-01
2.579804289662452899e-01
2.565637641810388225e-01
2.511236528966791504e-01
2.524031686177708456e-01
2.492173558002377942e-01
2.481439488744127397e-01
2.512493103739807387e-01
