5.685440075049284836e+00 2.913284589601647934e+00 6.993325066919588551e+00 -2.238697082967551211e-01 1.217008851288853277e-01
5.685448640730068171e+00 2.908839794906064924e+00 6.993313869268272143e+00 -1.992978288568367784e-01 1.382260897233489327e-01
5.685452994196476872e+00 2.908044277139036904e+00 6.993308178013634802e+00 -1.949409639583465914e-01 1.412872296196044930e-01
5.685503561371526793e+00 2.910303446798006899e+00 6.993242066892364051e+00 -2.073393493675304011e-01 1.326828526245772411e-01
5.685492455285316993e+00 2.911588827484149711e+00 6.993256587693903903e+00 -2.144433124539641966e-01 1.278970845377975785e-01
5.685107804085940408e+00 2.907683700465953258e+00 6.993759229737640304e+00 -1.930105933922932060e-01 1.426568532102597819e-01
5.691740046324938795e+00 2.901911848188224674e+00 6.985016999861066722e+00 -1.610682750096077420e-01 1.666016950739242497e-01
5.700199353514101119e+00 2.902167339181564110e+00 6.973629037176599432e+00 -1.614651140091192261e-01 1.662883723421329507e-01
5.707094236241179175e+00 2.913806210816539011e+00 6.964144383172235386e+00 -2.241907348346197093e-01 1.214928717681237336e-01
5.735538052808744958e+00 2.964128159052797251e+00 6.922973201396070309e+00 -5.255654053372857959e-01 8.371720388050429840e-02
5.708964904293111431e+00 2.957897388674180839e+00 6.961538942947066211e+00 -4.888024975510161241e-01 7.201097105423415190e-02
5.745685813098530659e+00 2.883403326464254235e+00 6.907436739438635342e+00 -6.001372912086355704e-02 2.642070537146540832e-01
5.766905095179993168e+00 2.902237124064413365e+00 6.873380965523108621e+00 -1.539798476188309895e-01 1.722710131229989172e-01
5.877492681750181802e+00 2.990635447944343994e+00 6.652922024715470783e+00 -6.833179643563094263e-01 1.462522827093312161e-01
5.892400503215616148e+00 3.049627502442690652e+00 6.616215962192492306e+00 -1.139930322612799696e+00 1.528196049407999357e-01
5.852384553845135784e+00 2.878401439233979175e+00 6.710446949906812009e+00 -2.386352962907722919e-02 3.119838489048083474e-01
5.935586455340830625e+00 2.943284447081429445e+00 6.497390464142316802e+00 -3.633446346470494692e-01 1.718442534541101407e-01
5.942051715500534570e+00 2.990676798508083323e+00 6.477796127659585679e+00 -6.715341359316968628e-01 1.746923856830547850e-01
5.932522005497820494e+00 2.897286254959084761e+00 6.506500735255616341e+00 -1.066796045079756450e-01 2.140975841186471551e-01
5.931059693444879599e+00 2.933585342256437745e+00 6.510808729380785920e+00 -3.063824998478130723e-01 1.698500852180083731e-01
5.919772695545996832e+00 2.907770132553110898e+00 6.543232023487122184e+00 -1.634146900792852186e-01 1.648778394475756137e-01
5.685447602856302574e+00 2.900394612810861972e+00 6.993315226062893686e+00 -1.536982131770088245e-01 1.724991546076108939e-01
5.685245004293620674e+00 2.900431884056021481e+00 6.993580005075413553e+00 -1.539191682429856822e-01 1.723201482487229930e-01
5.685106369794578285e+00 2.911619433049140948e+00 6.993761102993434342e+00 -2.146582623267425660e-01 1.277538594326115273e-01
5.684960491049366738e+00 2.929231208503807249e+00 6.993951589063200913e+00 -3.152738001612509500e-01 6.929312098393081154e-02
5.679668355528464829e+00 2.932732233140649569e+00 7.000810353906083527e+00 -3.366634708364970585e-01 5.910500243544669630e-02
5.728232453967617488e+00 2.870361373790669912e+00 6.933873990511335350e+00 0.000000000000000000e+00 3.500000000000000333e-01
5.736054324826501016e+00 2.893660843168334829e+00 6.922193984389178212e+00 -1.127200776536905202e-01 2.083228064723746664e-01
5.788678023456856891e+00 2.980418129235782754e+00 6.836051680134845654e+00 -6.270573556199945386e-01 1.071268825801128255e-01
5.773826416525791316e+00 3.018128165466194002e+00 6.861787391972100636e+00 -9.060197935892055909e-01 1.086408925170303519e-01
5.844899246813269222e+00 2.873068923834726007e+00 6.726636231310950897e+00 0.000000000000000000e+00 3.500000000000000333e-01
5.919448817201798718e+00 2.949230708113607324e+00 6.544141298998042089e+00 -4.023272580021226563e-01 1.647351617629067011e-01
5.916520715190085156e+00 3.010841531441308838e+00 6.552309869012163723e+00 -8.232814414834641603e-01 1.634452489824160804e-01
6.037267820188642276e+00 2.878419313427754034e+00 6.115227245281001700e+00 0.000000000000000000e+00 3.500000000000000333e-01
6.013946911712409360e+00 2.954765986421601376e+00 6.219198193406665354e+00 -4.198539769888880446e-01 2.063642782874048898e-01
6.054231087326702010e+00 2.898924174161815248e+00 6.031622412759698904e+00 -9.649609558325167313e-02 2.241643862971052226e-01
5.684639256600562796e+00 2.878125189046435217e+00 6.994370780832286805e+00 -4.081058840056783765e-02 2.883682334141340897e-01
5.684279920177161216e+00 2.896398588956009323e+00 6.994839252374938532e+00 -1.327571799924067708e-01 1.901214610262849103e-01
5.683915517946653395e+00 2.923165919785739586e+00 6.995313853314714336e+00 -2.800713482094421281e-01 8.799377647708328531e-02
5.678670647792245063e+00 2.945708835210088417e+00 7.002092251263460021e+00 -4.157421544706290106e-01 5.866548360891832292e-02
5.749638205621689480e+00 2.870836451487424945e+00 6.901257464573622435e+00 0.000000000000000000e+00 3.500000000000000333e-01
5.752359326272445728e+00 2.907277633568603470e+00 6.896960446783065635e+00 -1.828109932378019220e-01 1.500339224907256130e-01
5.744209963782250128e+00 2.955053204944438683e+00 6.909725482951925457e+00 -4.656033971954007811e-01 8.753742897896443775e-02
5.868030912376186237e+00 2.876410673068393820e+00 6.675205920252287761e+00 -1.271962149411021148e-02 3.289449435826355961e-01
5.840977053126363394e+00 2.925105799386384042e+00 6.734953789491725296e+00 -2.707061421807135382e-01 1.301661026988383263e-01
5.931484562256714277e+00 2.904429944957611198e+00 6.509559654923148919e+00 -1.439822084346848996e-01 1.805100971665077880e-01
5.683663336816665357e+00 2.881873694439286648e+00 6.995642016754690218e+00 -5.912822138541673489e-02 2.652683636946658319e-01
5.683697088910777850e+00 2.904468774058630132e+00 6.995598108386547054e+00 -1.757181306517903163e-01 1.553083356162412998e-01
5.683950890683451718e+00 2.927153510001482051e+00 6.995267804466442030e+00 -3.032153496817779903e-01 7.551364928928860909e-02
5.737020705374591856e+00 2.885812031351239426e+00 6.920732221995443467e+00 -7.287193425097582278e-02 2.493096837162937507e-01
5.733277501447142654e+00 2.917459206337081223e+00 6.926371183568478251e+00 -2.414543371333126576e-01 1.105851462393299123e-01
5.798102366959711595e+00 2.900735923575081365e+00 6.819083861993457063e+00 -1.422237698224664282e-01 1.819898708735918635e-01
5.683696612479254284e+00 2.894008121985054416e+00 6.995598728208596739e+00 -1.203745951282020332e-01 2.012023697036592895e-01
5.683909046308466273e+00 2.910766038183195015e+00 6.995322277719633774e+00 -2.100787324641555376e-01 1.308252796036895038e-01
5.718572589430579889e+00 2.900584715804204183e+00 6.947935907679161360e+00 -1.509218044201838804e-01 1.747603025496725082e-01
5.683640768541478039e+00 2.901897262371810449e+00 6.995671373720120378e+00 -1.619115629558323111e-01 1.659363873581383708e-01
5.677269250271823609e+00 2.897189094871474246e+00 7.003886906393987033e+00 -1.376788562674984284e-01 1.858585727129818954e-01
5.670443861295314747e+00 2.899223687874395772e+00 7.012529927298706056e+00 -1.491677025624991160e-01 1.762002979106688794e-01
5.664204971603568950e+00 2.914561544474338461e+00 7.020291071613319112e+00 -2.335077731799846124e-01 1.155392387688656264e-01
5.604728769716906811e+00 3.025266668576587659e+00 7.088179185798378690e+00 -9.913056802756849972e-01 1.233186447526367635e-01
5.632807862081405048e+00 3.008451601097468675e+00 7.057441154011374174e+00 -8.548911821309752579e-01 9.902781434420504514e-02
5.696951498174063211e+00 2.869682223564860024e+00 6.978033290153440760e+00 0.000000000000000000e+00 3.500000000000000333e-01
5.699198530135617169e+00 2.897039209081382793e+00 6.974990493943638015e+00 -1.344433770976325437e-01 1.886522091160731107e-01
5.720316009184115202e+00 3.015491874343495304e+00 6.945426998935374741e+00 -8.948244902966528969e-01 1.065915773196802752e-01
5.729364405472404442e+00 3.079012263598694066e+00 6.932200212951282303e+00 -1.442024245761788226e+00 1.808652658403147040e-01
5.788039542467106280e+00 2.871711734530055349e+00 6.837182946340090162e+00 0.000000000000000000e+00 3.500000000000000333e-01
5.844861378928535522e+00 2.947653223155268343e+00 6.726717072318283641e+00 -4.044015323979026633e-01 1.318772594398833764e-01
5.849898750111596435e+00 3.007527478049630609e+00 6.715869898382731407e+00 -8.112523682436476591e-01 1.340963656879279320e-01
5.889529574335218953e+00 2.890992684852239147e+00 6.623442483181266383e+00 -8.057105878963932710e-02 2.408183096995882289e-01
5.895357838168720832e+00 2.942577243449358448e+00 6.608690707395116881e+00 -3.655632101903634190e-01 1.541223956690400687e-01
5.908586789030076503e+00 2.908601980281622978e+00 6.573982889740616287e+00 -1.694741971632136579e-01 1.600541006087627949e-01
5.645988414644718567e+00 2.868610585466568441e+00 7.042221305175388579e+00 0.000000000000000000e+00 3.500000000000000333e-01
5.635590477641398977e+00 2.887701577439042211e+00 7.054271702967031210e+00 -9.319500363023691669e-02 2.275217283688638070e-01
5.583625201449300413e+00 2.999572555299861332e+00 7.109879938796384025e+00 -7.954883419462801530e-01 8.698278127183345365e-02
5.581066249084835285e+00 3.037441212115523204e+00 7.112434426273183341e+00 -1.095589306881231906e+00 1.392912271317540140e-01
5.709760649661564713e+00 2.869958241541131994e+00 6.960426427746478240e+00 0.000000000000000000e+00 3.500000000000000333e-01
5.752311000615609515e+00 2.946941173461079533e+00 6.897037066491493285e+00 -4.134384209656483122e-01 9.110616767207446731e-02
5.727878810369142037e+00 3.019756052092249288e+00 6.934395778815138911e+00 -9.268278999228360959e-01 1.123710111390741062e-01
5.887486236460171440e+00 2.874140863108132660e+00 6.628539188995452136e+00 0.000000000000000000e+00 3.500000000000000333e-01
5.874481227829193131e+00 2.953246174800743251e+00 6.660097086089217910e+00 -4.346145444190601115e-01 1.449256510260761299e-01
5.956529618258940673e+00 2.904956251484822172e+00 6.431986841889234086e+00 -1.430975402425980203e-01 1.812533957884318592e-01
5.622171603919964511e+00 2.868123203957918310e+00 7.069346739273065339e+00 0.000000000000000000e+00 3.500000000000000333e-01
5.617454308047958200e+00 2.904192460279363619e+00 7.074523097060155585e+00 -1.816436610900602489e-01 1.508936557520271227e-01
5.612117497650864095e+00 2.959787775288887257e+00 7.080304188344625160e+00 -5.141863609667804980e-01 2.934691526469790368e-02
5.712309429922684423e+00 2.870013503701878577e+00 6.956845987232782136e+00 0.000000000000000000e+00 3.500000000000000333e-01
5.703680623633638369e+00 2.929501922594937469e+00 6.968863298172057519e+00 -3.145101195911277348e-01 6.968309411173478907e-02
5.824430685298099597e+00 2.900758999200752530e+00 6.768847379127348241e+00 -1.390560446945872108e-01 1.846795074130459513e-01
5.632979624747425973e+00 2.881581173811834873e+00 7.057246179502016936e+00 -6.287897948389042924e-02 2.608052540597469715e-01
5.636339189090958435e+00 2.916111606255271216e+00 7.053414961616137013e+00 -2.454749411149128591e-01 1.081205082226738279e-01
5.699285108401308086e+00 2.897494993808679808e+00 6.974872869840449852e+00 -1.368235062184619544e-01 1.865938766420161543e-01
5.651364569785871872e+00 2.898719300336730420e+00 7.035859719177421923e+00 -1.486042582850317650e-01 1.766647453600396767e-01
5.609273894368071112e+00 2.867862569975712095e+00 7.083352472127054433e+00 0.000000000000000000e+00 3.500000000000000333e-01
5.596087471257536805e+00 2.896111388099972928e+00 7.097204143865940118e+00 -1.407670386826413989e-01 1.832228981291152414e-01
5.455542772657090644e+00 2.996983699180304939e+00 7.220379748072410564e+00 -7.943963478612134921e-01 8.675181605757709136e-02
5.387080063451865186e+00 3.050184655458902494e+00 7.267548775047232290e+00 -1.237397470125529253e+00 1.581581206591332611e-01
5.634902083097534486e+00 2.868382711221055370e+00 7.055057944488182464e+00 0.000000000000000000e+00 3.500000000000000333e-01
5.624334298615000449e+00 2.918644723441938815e+00 7.066952457410649480e+00 -2.612399965864729001e-01 9.871629369776679930e-02
5.598638682858002369e+00 2.989918052045664965e+00 7.094560089501510625e+00 -7.226852028085313240e-01 7.075190279001597471e-02
5.734909120664511306e+00 2.889055061745040565e+00 6.923920859241389891e+00 -8.935951790019602825e-02 2.314832779675308205e-01
5.728573866132186332e+00 2.935704931542943541e+00 6.933369738388220682e+00 -3.481220559220399302e-01 8.064928023444317695e-02
5.805024008207127828e+00 2.910771600666724357e+00 6.806291663553150961e+00 -1.952422603658525713e-01 1.410742005971196145e-01
5.500774099881108548e+00 2.865751415185551654e+00 7.185063351741942661e+00 0.000000000000000000e+00 3.500000000000000333e-01
5.271695081065577604e+00 2.941089704527139581e+00 7.333192295553189410e+00 -4.345509455377469799e-01 1.206189070195694546e-01
5.318496388008283837e+00 3.006971793177390051e+00 7.308414702281132769e+00 -8.886522760012138811e-01 1.054487231655738544e-01
5.571767558103332796e+00 2.867117018046573484e+00 7.121582150423926727e+00 0.000000000000000000e+00 3.500000000000000333e-01
5.567785096544929146e+00 2.943935568942031900e+00 7.125436478405417162e+00 -4.187327928376944897e-01 2.253809264262540690e-02
5.747730476446760939e+00 2.904459473770067302e+00 6.904249179569340811e+00 -1.681624915470623094e-01 1.610636537607231245e-01
5.452020015971577038e+00 2.864844091973461460e+00 7.222982683614997512e+00 0.000000000000000000e+00 3.500000000000000333e-01
5.475309447920464478e+00 2.926775837126942115e+00 7.205388873756615631e+00 -3.252839646759555503e-01 6.426683147951395281e-02
5.605749783755489268e+00 2.896174087540233089e+00 7.087099761011421251e+00 -1.400795190823251879e-01 1.838071083422954666e-01
5.559499258730657978e+00 2.894949862237485849e+00 7.133336673983433407e+00 -1.384526496477256341e-01 1.851953657065357195e-01
5.474386273331267816e+00 2.865257477813974329e+00 7.206103896442597190e+00 0.000000000000000000e+00 3.500000000000000333e-01
5.436676436811510804e+00 2.913149984703764961e+00 7.234086682606596597e+00 -2.504939956798286627e-01 1.050822561792484899e-01
5.352782642412034164e+00 2.977784578491318612e+00 7.288710774148323246e+00 -6.690194746412827520e-01 8.489751435593240192e-02
5.540822715094685158e+00 2.886546129554187878e+00 7.150574236050441179e+00 -9.688165823303518387e-02 2.237753397058040994e-01
5.518728217499535127e+00 2.933165133712738459e+00 7.170000697555369840e+00 -3.585652521786084623e-01 4.838889811405755470e-02
5.659474061107963472e+00 2.907555075993697891e+00 7.026089675928697709e+00 -1.952548421324611372e-01 1.410653091236744316e-01
5.020572797112226482e+00 2.857564727465306209e+00 7.433742238061916474e+00 0.000000000000000000e+00 3.500000000000000333e-01
5.221661727408996256e+00 2.933478993825056946e+00 7.357255885438116039e+00 -3.925488803801373550e-01 1.426600319784157023e-01
5.468150639468731811e+00 2.898927758795166287e+00 7.210894848797618550e+00 -1.688084740969999498e-01 1.605659203597266660e-01
5.325929850037677937e+00 2.891297904672451402e+00 7.304259425534683103e+00 -1.417751894442185190e-01 1.823688710225954135e-01
5.371532589513925871e+00 2.885903747384250817e+00 7.277330327201572580e+00 -1.095515323022375753e-01 2.113343642945726408e-01
5.372515754260533960e+00 2.921504235881069889e+00 7.276721204857494740e+00 -3.052346781628532124e-01 7.620451354161528190e-02
5.499241681138609117e+00 2.904385438597576918e+00 7.186320240841979512e+00 -1.952441277267726871e-01 1.410728809201569067e-01
5.141636271022239413e+00 2.889299142121551700e+00 7.391211097865762802e+00 -1.475551017737339876e-01 1.779135369946083789e-01
5.364667295504490951e+00 2.901850414109955256e+00 7.281548982642163104e+00 -1.947845306497906215e-01 1.413979134891693024e-01
