6.649603043595944118e-01
5.031222813973912356e-01
8.178990890909281219e-01
5.076985285561239625e-01
6.286116483685849632e-01
4.608385343777546272e-01
4.958127408232170241e-01
5.024700997131178459e-01
6.149841618554603428e-01
6.010061010766317713e-01
3.830630395039514302e-01
4.269889123126003327e-01
4.752271640384703733e-01
6.439481844139092193e-01
4.800422465463637933e-01
4.211522658196480418e-01
5.048787124102195323e-01
5.734415454385727307e-01
5.151729742571323767e-01
3.758293248257551067e+00
8.231284594272106903e-01
4.623152005693526023e-01
4.738598875708004421e-01
4.567945536098927950e-01
3.841268184943802400e-01
4.931817238849407481e-01
6.154890613828323254e-01
1.824660877046287988e+00
4.821365459572607981e-01
5.557878831348982418e-01
