5.126837523179035294e-01
3.665244205920797360e-01
4.888009414704282407e-01
6.013870972311946561e-01
4.255179373290451927e-01
4.524200564785700873e-01
5.274893687583763757e-01
6.008671237999566594e-01
4.317493809274464689e-01
5.299436624840397903e-01
4.386522091497054299e-01
4.230371347109521674e-01
4.449252396533119325e-01
5.212282557050776921e-01
4.219522903473422737e-01
5.082089378357415033e-01
4.098701987166376015e-01
5.218525725266883741e-01
4.128400116170764522e-01
3.941686333904549921e-01
4.910242109378059050e-01
4.708688329387866744e-01
4.612786335559080908e-01
4.232705985671523785e-01
4.314583470944197141e-01
7.343791030852068191e-01
4.152068688466521995e-01
4.773923995532287079e-01
4.324354895142458743e-01
5.561441324151717991e-01
