3.559535292444198640e-01
2.993549756389332628e-01
2.980692942494022613e-01
3.349226397221557461e-01
2.911164779348992537e-01
3.244276295222397466e-01
3.352986228459184370e-01
3.296686015547848903e-01
3.169575864188818870e-01
3.276978068140738443e-01
3.542594045702033845e-01
3.366598904292076311e-01
3.383884868021634906e-01
3.420086061375545716e-01
3.001014102328562472e-01
3.339704218315519557e-01
2.904448298000269491e-01
3.343156637949674104e-01
3.280812303834575450e-01
3.235274274783176418e-01
3.268988431921758253e-01
3.637787183030767313e-01
3.260607869915216894e-01
3.309683764862595412e-01
3.497599930203407759e-01
2.919371245023821837e-01
3.689434394011331109e-01
3.714924867404864606e-01
2.903726840492796279e-01
3.130541028404736359e-01
