1.455908929497178761e+01
1.398297976526792930e+01
2.372797916581325595e+01
1.781825918752343441e+01
1.359062789338201860e+01
1.539338139474225819e+01
1.576895359352990234e+01
1.924670001516859230e+01
1.381940817563865131e+01
2.115874349994854953e+01
2.140858236532974956e+01
2.028497561949982497e+01
1.437720272332200011e+01
1.628151943042013627e+01
1.310343684026006095e+01
1.399584672154182741e+01
1.961044106375899432e+01
1.298516667319194973e+01
1.940166625909199993e+01
1.690010136715788747e+01
2.255761602521468490e+01
1.172588100087862095e+01
2.250984229565850114e+01
1.732957880266366502e+01
1.063572117445030329e+01
2.259560616177342141e+01
1.033281453960596608e+01
2.210884994887496546e+01
2.313324215433826581e+01
1.996475987080649972e+01
