2.447554122421367606e-01
2.407100637547996136e-01
2.612240490616664634e-01
2.356555534530198615e-01
2.370620810445491500e-01
2.525845855837008380e-01
2.302316787305832002e-01
2.539135423130438052e-01
2.616351296055720033e-01
3.351622621904525867e-01
2.639465535115489425e-01
2.956507007395791087e-01
3.024227697882808097e-01
2.681564720203227226e-01
2.512822919636801267e-01
2.267215706370753481e-01
2.371346188097321894e-01
3.573933626366522787e-01
2.601436931732373781e-01
2.214840691899298553e-01
3.233053076515367552e-01
3.274098659687333934e-01
3.030250718862051995e-01
2.180668809590193824e-01
3.186218921257750747e-01
2.979569871668296677e-01
2.796711521967832348e-01
2.947530864219419788e-01
2.308668140171775685e-01
3.134293155677621567e-01
