9.046075493614718965e+00
9.179775967239981682e+00
8.905704970462892334e+00
9.154472383713738282e+00
9.167221547846549967e+00
8.753958359278199097e+00
8.980801938492090741e+00
9.046647733998886665e+00
9.105872931191866471e+00
9.027849862430006311e+00
8.811308226708614910e+00
8.881751351313203813e+00
8.926108505880891997e+00
8.728721399815757565e+00
9.041001628038412008e+00
9.012108016014957812e+00
9.117973131871634607e+00
8.911123189226747954e+00
8.827775111643429540e+00
9.112957984038771997e+00
9.194802428167349717e+00
8.940288700598275184e+00
8.763626181145159677e+00
8.801120709391065944e+00
9.075868376309342622e+00
9.102902368320552995e+00
9.033347228780289839e+00
9.142418544747354048e+00
9.078749450830548184e+00
9.126490659235349412e+00
