1.255818387895222488e+00
1.701305367188711559e-01
1.217289551275895221e+00
8.804566481483602214e-01
1.570448398274806090e+00
2.212370925469305138e+00
1.215241837863517693e+00
4.405502887581327798e+00
4.783730364195325713e+00
4.609008407207681318e-02
5.383572147827864640e+00
2.327356802096225419e+00
8.537205044395539844e+00
2.609139141898733527e+00
1.201328848030383867e+00
4.101831710371675932e+00
2.725670220233538554e+00
1.183759939941307238e+00
1.205900814488520822e+00
4.134686898832261315e-02
8.932600001967797021e-02
5.160650347992857156e+00
3.509672142357330493e+00
1.158545667164797566e+00
1.173166219820522160e+00
1.454042151124268767e-01
1.325523079566361728e+00
3.916905538125903696e+00
2.341179769050876214e-01
3.606522023167452878e-02
