5.001496000863419056e-01
4.768237671183765958e-01
4.974590436769112389e-01
5.013338271616073483e-01
4.840727621831025784e-01
4.985876091277146038e-01
4.719884853596700847e-01
4.978000210599196618e-01
4.987292812630750860e-01
4.823229374995279817e-01
4.951935770312486107e-01
4.983165573038063068e-01
4.986605779385746007e-01
5.038370403735219494e-01
4.711043245762641107e-01
5.000493365420981551e-01
4.808686840893112713e-01
5.011496768091984189e-01
4.701436979709326391e-01
4.914966304704529443e-01
5.025223211842643201e-01
4.654082616345109336e-01
5.005633422914221864e-01
4.826876349783359998e-01
4.995853029671624146e-01
4.869708376059860289e-01
4.984571084084213899e-01
4.962882673471661343e-01
4.719652609775434882e-01
4.903091687606285221e-01
