3.416447644074550039e-01
3.356252641628523214e-01
3.421599405967939433e-01
3.496624858045767614e-01
3.494780797845350451e-01
3.409793562919519738e-01
3.421173074015045890e-01
3.505623459826713306e-01
3.442330350226612823e-01
3.436979297360944208e-01
3.486361076045059737e-01
3.396979757331869965e-01
3.530841288932863864e-01
3.314397456529076802e-01
3.405643230038259972e-01
3.472403743269262821e-01
3.417792399003660719e-01
3.380211369976787728e-01
3.328543310612948058e-01
3.347533449917726722e-01
3.419939584166123980e-01
3.553912896924274478e-01
3.438252801343913423e-01
3.368155288696903504e-01
3.535645243824928619e-01
3.390825152070932602e-01
3.537181030487018263e-01
3.340802687615462840e-01
3.489832943921978292e-01
3.410870348279976261e-01
