5.429884421641897330e-01
5.894848040078426443e-01
5.071167067567345921e-01
6.053235470287566811e-01
5.676969358079484440e-01
7.275999660978488270e-01
6.719321960620019407e-01
5.138076202448643715e-01
6.289983993537116014e-01
6.038011491324933866e-01
6.145696178758828232e-01
5.664428900809866940e-01
6.168833685229767605e-01
5.658877810883046200e-01
5.555293135223751122e-01
6.144792455787655427e-01
6.146471696009071506e-01
5.912438600788916254e-01
6.541608520175674624e-01
6.464376817009915843e-01
7.287572390332851535e-01
5.448916087347271953e-01
7.164392965890129528e-01
5.586961915477300922e-01
5.976211230953890619e-01
5.012383703131715329e-01
5.852632623998438310e-01
5.917139212925869307e-01
6.076333807947453813e-01
6.164252910031818855e-01
