2.461710577855799331e-01
2.031994203012805755e-01
2.114253942701352917e-01
1.983570845585370668e-01
1.854073324060194761e-01
1.922586744930382396e-01
2.595912591291807403e-01
2.595181836610139792e-01
2.258125830718599458e-01
1.919445477386010068e-01
1.987156206221329380e-01
2.554754026623854979e-01
2.066821978926270953e-01
1.931436279449266491e-01
2.487690043221135738e-01
2.030235699730162380e-01
2.024307816557008866e-01
1.921573555716653281e-01
1.793468127094544617e-01
1.920897793164682010e-01
1.999801985516131975e-01
1.973663696234810028e-01
2.456825474621684158e-01
2.036793234265051877e-01
2.402035197522285059e-01
1.904708548039792393e-01
2.399784319199638472e-01
2.028106709189440859e-01
1.953812703230163872e-01
2.141226980023767101e-01
