3.728433924887364914e-01
3.724376652660933429e-01
3.703625010856320676e-01
3.754003706827589437e-01
3.736151450376650196e-01
3.739371673639119709e-01
3.736888204933288549e-01
3.737707082963582228e-01
3.684858319322999454e-01
3.769040189082494274e-01
3.816026648166255253e-01
3.797917795764726989e-01
3.785156083951288775e-01
3.784223516728534298e-01
3.740385734009674668e-01
3.727068175936193994e-01
3.646635645964886319e-01
3.778939686340795356e-01
3.748244156730012322e-01
3.701978031011912140e-01
3.760525695745202679e-01
3.789028683224424654e-01
3.738864056320189144e-01
3.778547589646910621e-01
3.768734467257736642e-01
3.728859669570947499e-01
3.709270528536979805e-01
3.723834065859318865e-01
3.773043785791743709e-01
3.625889580004327817e-01
