4.787437135834683444e-01
4.917437478201138190e-01
4.849169562705772929e-01
4.458341863274784544e-01
4.805067627237283867e-01
4.883637594650497293e-01
4.845121629280010889e-01
4.853284071514449849e-01
4.818865979614325168e-01
4.667912549049103021e-01
4.795920515908845827e-01
4.930602839690186312e-01
4.596815704739269925e-01
4.936177372446509670e-01
4.576192816572441369e-01
4.890024062896843327e-01
4.657703205062590501e-01
4.705760540476527920e-01
4.760433357242111474e-01
4.696925629839326377e-01
4.347431658513697950e-01
4.592481445348213787e-01
4.904084494641308134e-01
4.735943571039756272e-01
4.755573838663996189e-01
4.781282361203100240e-01
4.999755228799599993e-01
4.878334799504584485e-01
4.803059521095625062e-01
4.654180489321195213e-01
