6.542659081229955653e+00
5.140291514386238214e-01
6.708458306489084588e-01
4.863679502344170902e-01
4.934072090675204469e-01
1.116833672248371911e+01
1.354592585979774055e+00
3.215834129235214611e+00
5.799066455703418832e-01
2.594100869705537882e+00
5.401702853546036520e-01
5.121680980358499502e-01
7.974134522928291169e+00
5.034806677851625389e-01
5.269603937958554640e-01
1.881815445712426982e+00
5.849723176054708595e-01
5.013504645686167605e-01
5.414627035629723251e-01
5.706754314878839107e-01
9.442167074017648432e+00
1.227541314638122039e+01
2.113333054540831313e+00
7.793808889351359070e+00
5.115345022116777329e-01
8.693284332283472082e+00
5.774261198456650535e-01
1.387141872206199888e+00
4.060307151818512317e+00
6.430460456797711943e-01
