1.685187593747253132e+00
1.562479452163467064e+00
3.411021679400718515e-02
1.364248104717043608e+00
2.088990939564154825e+00
1.382071715700450010e-01
1.074119723244335134e+00
1.115011842844655238e-01
2.469014164269900391e-02
4.415678998876573780e-02
4.792506585512171791e-01
1.059302637520023405e+00
3.620657138803497210e-02
4.008065120084656208e+00
1.081452687213358077e+00
4.798635274977948451e-02
3.253012802584353658e+00
1.477801929142762982e-01
1.043991362607716633e+00
1.193148058889592855e+00
4.254079441533035327e-02
5.749788858549482740e-01
2.896367881994937887e-02
4.490389877190843065e-02
2.486794928499783897e+00
2.091133767125810561e+00
4.732934887444382316e-02
4.753949637066766376e-02
3.178014607044779893e+00
3.276086021640542967e-01
