3.173589342362116705e-02
3.410913492180628337e-02
3.329421043432462257e-02
3.123109846777182702e-02
3.270399493084284737e-02
3.058510624131483696e-02
3.425242879639954496e-02
3.213616920457548071e-02
3.050887619964810435e-02
3.007880029991260445e-02
3.311872779389775368e-02
3.327155051456220231e-02
3.391062914797681599e-02
2.833340525142435604e-02
3.497813422655386695e-02
3.336134857919032665e-02
3.478559234927013771e-02
3.105491146291294510e-02
3.256594239350545095e-02
3.348728994713291024e-02
3.241798988186819080e-02
3.262399211538578869e-02
3.196661149096127058e-02
3.287027484708911901e-02
3.264075881748130376e-02
3.196364415549626803e-02
3.327030989039362480e-02
3.312105769741827133e-02
3.353859729660359223e-02
3.112324156239073061e-02
