6.194089880037348950e-01
5.157476409665129324e-01
2.658926105298922593e+00
1.227409463525374722e+00
4.978722249721383442e-01
2.661805644223189660e-01
1.352580002197706355e+00
1.282370446940728437e+00
1.917434339282407363e+00
3.838352044640652716e-01
9.372359232951184005e-01
6.633466090301890494e-01
2.719088466768098677e-01
3.040594429145050404e-01
9.915134119985571370e-01
7.169542595905998850e-01
6.313408793293953103e-01
3.977741025119614915e-01
3.617042767944350645e-01
1.606945174276611432e+00
7.166893685855940666e-01
3.972565595178628728e-01
1.606659255259808461e+00
6.628817854051008984e-01
1.577420947368247117e-01
1.565233000410711783e-01
7.488841859981787419e-01
3.292854604638567606e-01
1.442709809876198124e+00
1.598504180934384733e-01
