7.893706015555050470e+00
8.086002469216882815e+00
7.914518256242444316e+00
8.076019378611633215e+00
8.188656562395090432e+00
8.104527037214241503e+00
7.932079888770917186e+00
7.891546959138953987e+00
7.892636327210985847e+00
7.902038245839227315e+00
7.883567353694625801e+00
7.919189773790085596e+00
8.083538542178215991e+00
7.914002822099953427e+00
7.909453958774939508e+00
7.903581575462633069e+00
7.930194210801620791e+00
7.934322585246111892e+00
8.040958391761998669e+00
8.392156764822667370e+00
8.096898299552847789e+00
7.946597013567199497e+00
7.881514874404203397e+00
7.992391929848701615e+00
7.976785423066139025e+00
8.039905067056803745e+00
8.260353502305948226e+00
7.915996733432092647e+00
8.006860506120677456e+00
8.523821614019047033e+00
