2.720963763116449030e+01
2.611261894043213516e+01
2.606999765118775514e+01
2.631698209826107870e+01
2.721906657734140822e+01
2.858353022694748091e+01
2.692988329083748056e+01
2.648915707273757647e+01
2.837596478924579557e+01
2.730649296532415704e+01
2.636085802393277078e+01
2.744396283439400008e+01
2.654540047602544206e+01
2.569679193981656695e+01
2.683420167716093374e+01
2.669098800459725140e+01
2.810776003343620388e+01
2.582140090282561573e+01
2.872231168067292373e+01
2.797936172035002755e+01
2.610056506978334312e+01
2.767622433580817898e+01
2.679240748129011251e+01
2.568623339642075365e+01
2.674567643790441451e+01
2.580932378797147209e+01
2.830586876324211687e+01
2.601854771463946037e+01
2.611963557496873989e+01
2.794380120477049090e+01
