1.220781004148842053e+00
5.809773772177743156e-01
3.465396764979809530e-01
1.288060093607838463e-01
2.049121397618292872e-01
7.545115770096822994e-01
3.787681350924138601e-01
1.016187027606037241e-01
6.072094804371113153e-01
9.478030485947849249e-01
2.544702733704215514e-01
6.448792449380789105e-01
2.059428407510096870e-01
1.309487374292289952e-01
1.292608012346274371e-01
4.155090820820719344e-01
2.993391103654495788e-01
5.052945425133088531e-01
1.013640936082822186e-01
6.290477548517430240e-01
1.996918976642830801e+00
6.446718012868840608e-01
5.643975061057223686e-01
3.845223708733148116e-01
3.850412683859131824e-01
5.861474820678757025e-01
1.826027350126098181e+00
1.193628785486822025e-01
6.083515350638506458e-01
1.780641011247473260e-01
