4.797361124015644407e-01
4.527873477306328387e-01
4.649291275895655606e-01
4.916844076298723110e-01
4.805787793082040293e-01
4.651224250219411771e-01
4.517591624679908602e-01
4.609647082838126408e-01
4.759203118677747812e-01
4.678582659488945694e-01
4.610493091754522821e-01
4.721929223158223277e-01
4.483811528795264567e-01
4.600246191128424256e-01
4.764048050948276325e-01
5.102574026559585363e-01
4.902086967626271830e-01
4.466571689831328462e-01
4.673570059537187071e-01
4.658114655679969074e-01
4.579849095108042834e-01
4.935971332819418245e-01
4.649479412553026991e-01
4.689502644685454302e-01
4.735018291540721291e-01
4.761201858820683364e-01
4.899934428833697675e-01
4.678091653850864340e-01
4.893323799538978336e-01
4.717641189451938777e-01
