2.190530131063500008e+01
1.335607267571840673e+01
1.474417537485493845e+01
1.448134381349111166e+01
1.001201827826934476e+01
1.583758753035811928e+01
1.056937506664019466e+01
1.342470651260215320e+01
2.177210548531099832e+01
1.681876981326154308e+01
1.179892465830505444e+01
2.314805355681289711e+01
1.296723976013104007e+01
9.790201858758351250e+00
1.495766614276000972e+01
1.093048099960897268e+01
1.126721748668782297e+01
1.626519445360782257e+01
1.927147394730148733e+01
1.402597197862035827e+01
7.145119001871717224e+00
1.647449927649029178e+01
1.408244657234560471e+01
1.383908508996188047e+01
1.776834487917974670e+01
1.100991931714133720e+01
1.986442900850493842e+01
2.410540869546427345e+01
1.200895662287940446e+01
2.656067055751160666e+01
