8.518113270121130398e+00
7.900949657691309191e+00
7.989992551215371996e+00
8.147650696300527073e+00
8.458432346684700676e+00
7.992408106625908282e+00
8.681407026549353034e+00
7.969594503869839031e+00
7.966556637456970513e+00
8.019789536387081696e+00
8.214465434060379323e+00
7.890010122040318485e+00
8.073182266963783604e+00
7.939237142936661940e+00
8.061738827532256124e+00
7.909874415101755041e+00
7.978780783069831628e+00
8.085856716786512521e+00
8.052071795064613013e+00
8.535062167214176654e+00
7.962815719001084425e+00
8.057527674020642294e+00
8.026707553858763333e+00
7.986052229367852640e+00
8.331749928916632797e+00
8.694174927238355721e+00
8.133600702001825056e+00
7.878261358422228078e+00
7.986185191233951208e+00
7.995346875265934905e+00
