4.051131542415988829e-01
4.049961878348373734e-01
4.172222967103549895e-01
4.076969384972328192e-01
4.181704455666040432e-01
4.242548117587354173e-01
4.152221145781005984e-01
4.003209888211132217e-01
4.297604928547275049e-01
4.285881143066094801e-01
4.200578472239920313e-01
4.071968202936532832e-01
3.994748594272770070e-01
4.166255808291159934e-01
4.128091306199570543e-01
4.225126159770788981e-01
4.075324156729670522e-01
4.017708477632936925e-01
3.945558041178485187e-01
4.067346400201164447e-01
4.150169645017571796e-01
4.153568136707493363e-01
4.081117084670193296e-01
4.206858175847190684e-01
4.198472313983906967e-01
4.103452605986429580e-01
3.911398141413072738e-01
4.110850420929628712e-01
4.251290380149886916e-01
4.056414191180870432e-01
