2.676822621380806311e+01
2.687121536447637027e+01
2.897513154107297595e+01
2.591140073517189180e+01
2.712865059728417449e+01
2.555078878302273893e+01
2.998913103669656266e+01
2.771224529583817286e+01
2.722722843742225862e+01
2.647789789910338953e+01
2.771855980754559212e+01
2.735333691182458438e+01
2.679649568390203029e+01
2.743751162188095805e+01
2.789377781552410340e+01
2.732736479828067644e+01
2.769170046188281376e+01
2.352250688771976428e+01
2.726381661279705781e+01
2.623651084566989056e+01
2.725958523382941934e+01
2.647630801416126900e+01
2.921912393290011778e+01
2.664378955336992050e+01
2.759712161067532676e+01
2.799731345324455134e+01
2.727362705878140048e+01
2.914096994539557883e+01
2.700403116623194677e+01
2.709421086987585525e+01
