3.391088100988023379e-01
3.449522038287473613e-01
3.362219871575217178e-01
3.375767788622248688e-01
3.171198723751220694e-01
3.359730058742849135e-01
3.189509279237427442e-01
3.311512008495453019e-01
3.759724151687252047e-01
3.431051078639582586e-01
3.426382660677301240e-01
3.437023131321449987e-01
3.214347171517807356e-01
3.335761580720929542e-01
3.203179379611256761e-01
3.392909644292415039e-01
3.283414203811009235e-01
3.466277792373666511e-01
3.312355036273776365e-01
3.312871596231257709e-01
3.405054767314865116e-01
3.461642777253044478e-01
3.184786117263296856e-01
3.513426202256846320e-01
3.014560902495399541e-01
3.497229439863013267e-01
3.430325048749027772e-01
3.360859379142959735e-01
3.392706604838635065e-01
3.356281257842146926e-01
