2.569313191260471640e-01
2.566261741004943753e-01
2.580327850362869047e-01
2.526234311929373977e-01
2.587374035267751005e-01
2.564096809497905527e-01
2.568408352413051876e-01
2.565594404209119439e-01
2.570922677603364459e-01
2.563205469829471506e-01
2.571708250468909274e-01
2.576130786795003957e-01
2.580713274056079531e-01
2.570740940618862491e-01
2.564244728558180419e-01
2.552947399006972873e-01
2.558314601562576285e-01
2.557763478704039861e-01
2.551846777780383269e-01
2.570878100127232391e-01
2.580591149328649858e-01
2.577766271191288538e-01
2.562384391070408607e-01
2.556943281635802867e-01
2.568986714099834034e-01
2.565816237944409939e-01
2.578795975242600402e-01
2.571504954203067128e-01
2.586158746023029531e-01
2.581230785978712028e-01
