3.671966128820348119e-01
3.839486506247939412e-01
3.784707375869116319e-01
3.765920463734311885e-01
3.749568906396653634e-01
3.729371422191800622e-01
3.712489357016013347e-01
3.822756388343441780e-01
3.710835353214667065e-01
3.800106201097670500e-01
3.752230995263451940e-01
3.801200958437713773e-01
3.825031891994059574e-01
3.588386114469196420e-01
3.680736663656723473e-01
3.695939005135419064e-01
3.779404743529043431e-01
3.713513513400126254e-01
3.712460566504434678e-01
3.639408845960740435e-01
3.893128633838371933e-01
3.778715271322494740e-01
3.701532864074763007e-01
3.662483191215763489e-01
3.750653817909144205e-01
3.810692130794434695e-01
3.711839752015709815e-01
3.603545080665173650e-01
3.635741235038314478e-01
3.812844036294099070e-01
