3.925802742708997539e-01
3.838090235150337093e-01
4.022192895979749272e-01
3.750632822668331090e-01
4.005898668769596882e-01
4.066272336457399383e-01
4.108406448729824412e-01
4.083559414503871166e-01
3.807777071717777795e-01
4.158596821120538745e-01
4.151339849243031455e-01
4.082439882173898860e-01
4.078090133140950813e-01
3.435545060085904434e-01
3.872033168178836693e-01
4.064516637340995220e-01
3.918358244011786451e-01
3.986184319301387946e-01
4.034884597371217740e-01
4.287763724486048367e-01
4.192044409063617749e-01
4.003623374318301398e-01
3.695749662274137037e-01
4.080725277048151134e-01
4.040778493650980518e-01
4.120748426658382146e-01
4.041103245010879141e-01
4.077539786360100948e-01
3.221790976794349226e-01
3.964795759737339553e-01
