8.033651026850149535e+00
1.531248915428963020e+00
1.616597525524260703e+01
4.316194890997780753e+00
7.685883971342865273e+00
6.522426353656212150e+00
1.220082653677323847e+01
7.217724544396334707e+00
3.600195704369133054e+00
8.911249841703604346e+00
6.894180834135004154e+00
3.552617594213038021e+00
6.785815349915006678e+00
8.028666810069607251e+00
1.529739969309020253e+01
6.375467538774282517e+00
8.793163838575006608e+00
4.000122100873147346e+00
1.027272206056222359e+01
9.756453640465949206e+00
8.325420062754377071e+00
7.972665900632143199e+00
3.789642437092424210e+00
3.947096549899023366e+00
5.500101436217417650e+00
8.616565977808454235e+00
7.028674800243354781e+00
5.246053768963522046e+00
8.616217388435581270e+00
6.180320125474403348e+00
